5
25 136 557 666 825 
10
25 136 262 280 293 477 557 634 666 825 
10
6 225 262 280 293 336 477 597 634 805 
10
6 93 225 330 336 412 597 605 711 805 
10
27 93 234 254 330 412 605 662 711 789 
10
27 140 234 254 378 567 568 662 690 789 
10
79 140 378 553 567 568 628 685 690 840 
10
79 130 159 397 538 553 628 684 685 840 
10
130 159 397 484 495 538 601 684 688 868 
10
69 323 466 484 495 537 601 688 781 868 
10
69 70 323 441 466 501 537 563 641 781 
10
70 73 441 501 521 527 533 563 641 661 
10
73 99 118 300 521 527 533 588 661 754 
10
29 99 118 300 515 588 669 723 754 844 
10
29 100 174 326 386 460 515 669 723 844 
10
100 174 185 208 326 367 386 460 502 888 
10
172 185 208 250 367 502 558 650 880 888 
10
114 169 172 250 377 558 561 581 650 880 
10
4 114 169 252 324 372 377 420 561 581 
5
4 252 324 372 420 
