50
25 40 60 89 111 136 179 190 196 214 223 237 241 256 282 286 291 298 302 307 310 339 344 363 370 390 406 432 476 480 488 531 535 551 557 585 599 606 646 666 710 743 759 769 782 810 815 825 855 856 
50
21 25 32 41 44 47 76 87 91 95 136 183 216 222 262 280 293 353 357 388 392 395 403 408 438 477 539 541 556 557 560 574 578 579 623 634 637 651 663 666 675 681 708 713 724 751 778 825 861 894 
25
6 72 200 225 262 280 293 336 434 461 477 478 512 590 597 631 634 644 691 714 780 805 865 875 883 
25
6 93 96 176 191 193 225 242 258 330 336 412 593 597 605 665 676 711 729 787 793 805 818 881 890 
100
0 8 16 18 19 20 24 27 39 53 59 77 82 93 109 110 119 121 126 139 142 151 160 163 168 171 177 189 194 210 213 221 224 234 239 246 254 261 268 270 272 283 290 312 313 322 330 355 361 391 412 430 447 450 456 474 475 487 489 506 510 542 543 562 580 584 594 598 603 604 605 608 609 613 614 617 629 635 647 662 693 711 725 753 772 775 785 786 789 794 806 828 833 834 858 860 891 892 900 904 
100
2 7 23 27 43 45 46 52 55 64 67 83 92 94 116 120 123 140 146 155 156 188 207 211 217 218 219 231 234 254 263 273 279 289 303 304 306 309 311 342 348 351 352 354 358 368 373 378 407 418 421 439 451 462 470 498 520 522 529 548 550 554 567 568 611 616 619 640 652 653 662 667 668 673 690 695 698 699 700 707 717 726 738 742 757 760 768 784 789 795 803 811 816 817 826 863 877 882 897 899 
25
17 79 81 105 131 140 235 238 332 366 378 393 553 564 567 568 628 657 685 690 739 814 835 840 902 
25
56 75 79 130 159 195 215 233 240 335 385 397 428 431 528 538 553 628 684 685 702 838 840 851 867 
50
13 34 42 74 124 130 145 159 162 164 180 199 212 244 251 285 301 327 340 380 389 397 398 416 463 467 472 484 495 525 532 538 576 583 600 601 621 642 684 688 704 747 752 767 792 812 868 871 876 884 
25
65 69 88 192 203 294 323 343 356 359 371 466 484 493 495 530 537 601 688 781 783 837 843 868 872 
100
9 11 12 30 35 36 48 61 69 70 106 112 135 147 173 181 182 201 204 205 230 243 245 247 257 259 265 269 271 278 287 323 331 349 381 382 387 400 409 410 413 423 424 440 441 442 455 465 466 473 496 501 503 507 514 516 524 537 563 566 570 592 602 610 615 626 641 643 658 659 679 683 709 715 716 719 720 727 736 750 755 756 758 762 764 777 779 781 790 804 807 808 824 842 847 853 862 866 878 893 
25
33 37 70 73 84 148 150 186 236 253 295 383 441 501 521 527 533 563 595 641 661 696 701 721 903 
100
10 15 50 57 58 62 63 68 73 80 85 90 99 102 118 127 133 153 187 209 220 228 232 255 267 274 288 292 296 300 314 319 328 333 345 346 362 394 396 402 405 422 427 429 433 457 458 479 482 485 497 508 509 518 519 521 523 526 527 533 544 546 549 552 555 575 577 582 587 588 620 625 648 654 660 661 674 680 697 730 733 737 749 754 763 770 771 798 801 802 809 822 830 832 841 848 854 895 898 901 
50
3 26 29 49 86 99 113 118 129 132 138 157 198 226 260 264 275 300 308 316 337 384 415 436 444 445 454 499 511 515 517 547 559 586 588 589 591 612 618 669 670 686 723 754 765 788 791 844 873 887 
25
1 29 100 174 281 315 325 326 379 386 401 460 515 627 632 669 671 672 687 723 740 745 766 844 874 
25
100 115 134 158 174 185 208 276 326 367 386 460 492 502 607 624 636 664 678 746 797 800 846 888 896 
25
14 172 185 208 249 250 277 284 305 350 367 502 536 558 565 645 650 682 694 829 836 879 880 885 888 
100
5 22 31 38 97 98 101 104 107 108 114 122 128 141 143 144 149 152 161 165 166 167 169 170 172 175 178 197 202 227 229 250 266 299 317 318 329 341 347 364 369 375 377 399 404 411 414 417 419 425 435 437 443 448 449 452 453 464 469 471 494 500 504 505 534 545 558 561 569 572 573 581 596 630 633 639 650 655 656 677 689 692 706 718 732 734 741 744 748 773 776 796 821 831 839 849 852 864 880 886 
50
4 54 71 78 103 114 117 169 184 206 248 252 297 320 324 334 360 365 372 374 376 377 420 426 468 481 483 490 491 513 561 581 638 649 703 705 712 722 731 761 774 813 819 823 827 845 850 857 859 869 
25
4 28 51 66 125 137 154 252 321 324 338 372 420 446 459 486 540 571 622 728 735 799 820 870 889 
